# name: debug
# type: sparse matrix
# nnz: 9216
# rows: 96
# columns: 96

1 1 147489782.240562290
2 1 646857.077781848
3 1 7717003.636982198
4 1 932168.928433018
5 1 -102998417.356390148
6 1 13647365.474990884
7 1 -467817.760574620
8 1 -13948.373134371
9 1 -10321.460834548
10 1 -248187.938215096
11 1 7621554.245842443
12 1 -851138.622174384
13 1 -325329.613344288
14 1 -11173.653264705
15 1 -41833.063384998
16 1 -20979.658977886
17 1 2041123.209544127
18 1 -168375.250692652
19 1 -334647.754370288
20 1 -7195.951380851
21 1 2081.619160098
22 1 -179309.346403228
23 1 5428706.502297880
24 1 -585713.728954811
25 1 -255276.588034018
26 1 -6186.211782910
27 1 -22451.810950720
28 1 -14075.543168583
29 1 678123.537338296
30 1 -117474.139817394
31 1 -267485.713324066
32 1 6242.268920597
33 1 -16095.680506828
34 1 144778.090649864
35 1 3285601.398170574
36 1 -364214.085497234
37 1 -231004.848469713
38 1 -3420.357052053
39 1 -19504.409268734
40 1 -3158.578122586
41 1 516694.136744474
42 1 43658.784374483
43 1 -226870.433680133
44 1 -3113.645687515
45 1 -17905.652206827
46 1 -10106.511445867
47 1 389170.557534259
48 1 -90087.873008708
49 1 -200469.397159881
50 1 -899.409029357
51 1 -19476.659126304
52 1 -4381.767418627
53 1 249633.556388472
54 1 -39370.287648080
55 1 -193876.591932879
56 1 1922.967995417
57 1 -15620.124741367
58 1 -2007.427652539
59 1 242720.368898152
60 1 -36916.861094272
61 1 -200967.920829427
62 1 232.819715220
63 1 -18928.125353330
64 1 -2778.539406803
65 1 259817.013189807
66 1 -44273.106729664
67 1 -195496.253924246
68 1 -1311.785643143
69 1 -17615.171915308
70 1 -4329.834444738
71 1 252831.366798023
72 1 -46325.644978480
73 1 -195416.243938447
74 1 2178.773498518
75 1 -15124.054692659
76 1 -1427.035851878
77 1 259563.013326237
78 1 -45991.118753663
79 1 -175649.656097822
80 1 -8624.453555931
81 1 -31104.312425864
82 1 -10060.230486254
83 1 307399.064327652
84 1 -48372.784821492
85 1 -65283.148388719
86 1 -3002.850545249
87 1 -9841.974551873
88 1 -3265.982489011
89 1 87891.008194125
90 1 -11898.183840909
91 1 -188179.751665050
92 1 -5763.603707983
93 1 -30174.695632394
94 1 -7703.096863738
95 1 255076.136718208
96 1 -38967.266984862
1 2 646857.077781848
2 2 155624719.374284804
3 2 -4812843.240825930
4 2 104841414.894471541
5 2 -917522.760602511
6 2 10432798.140175153
7 2 -15930.376546276
8 2 -496584.675301641
9 2 57526.984347614
10 2 -6037721.868359884
11 2 288103.849510228
12 2 1928767.812083253
13 2 -14622.963037072
14 2 -368334.933888926
15 2 35455.487089076
16 2 -2040565.319327980
17 2 41025.297203332
18 2 -609478.823465135
19 2 -11140.771499505
20 2 -370588.181118557
21 2 37915.006498134
22 2 -4473177.805996211
23 2 228765.305457023
24 2 1783072.454865907
25 2 -7892.300888397
26 2 -290162.506300825
27 2 28375.379601491
28 2 -690485.746639691
29 2 17582.250728234
30 2 -69793.642505512
31 2 2768.234105928
32 2 -313086.397293555
33 2 15189.467384770
34 2 -2603321.781065199
35 2 30233.096323456
36 2 890733.648252780
37 2 -5497.428410917
38 2 -274278.467580108
39 2 10629.746455165
40 2 -546663.259007545
41 2 10324.049435452
42 2 -44627.294408097
43 2 -3792.590095211
44 2 -262169.042087586
45 2 21929.307430369
46 2 -393098.167942979
47 2 9397.012875457
48 2 -40915.919132137
49 2 -18.444549980
50 2 -245028.094694105
51 2 14310.799410585
52 2 -278596.307480022
53 2 3457.440126317
54 2 -34981.890206879
55 2 3700.631231125
56 2 -239227.397555503
57 2 12818.183495868
58 2 -271487.789174955
59 2 -151.060231161
60 2 -26669.348334254
61 2 232.241501755
62 2 -246279.869855888
63 2 16625.069013878
64 2 -288262.274426695
65 2 2833.754555131
66 2 -33559.004973608
67 2 -725.077836271
68 2 -239285.299339224
69 2 17338.627753473
70 2 -280483.588049264
71 2 3737.130638004
72 2 -32794.391931757
73 2 1220.055761121
74 2 -239195.286058282
75 2 16001.147305213
76 2 -286505.056160309
77 2 2604.225567537
78 2 -27236.294522144
79 2 -10556.487278582
80 2 -208422.464538415
81 2 13701.756112173
82 2 -326350.357986967
83 2 13202.682860603
84 2 -61493.755796373
85 2 -3753.458812348
86 2 -72617.484299894
87 2 4701.555596468
88 2 -92690.335885590
89 2 4346.771494327
90 2 -17129.554670479
91 2 -8777.444652125
92 2 -237957.883484321
93 2 11777.267333464
94 2 -287896.446414436
95 2 12216.238421655
96 2 -59215.775592526
1 3 7717003.636982197
2 3 -4812843.240825930
3 3 87524841.946044415
4 3 -12131029.532995118
5 3 -8494809.598689817
6 3 -14646.167830507
7 3 -28737.461595962
8 3 60712.392749815
9 3 -40870.892570400
10 3 626196.945869607
11 3 -742736.274990569
12 3 -80002.151452891
13 3 -35836.100194156
14 3 41781.283277529
15 3 -35675.657752350
16 3 166433.321535770
17 3 314629.599328379
18 3 16957.613664547
19 3 -20790.915129731
20 3 41495.469132441
21 3 -33921.804206834
22 3 387406.150227742
23 3 -531834.220977571
24 3 -71922.923884936
25 3 -27156.051997596
26 3 35328.902610639
27 3 -29643.777975044
28 3 106033.959118255
29 3 61535.269521736
30 3 -263.832671753
31 3 -32399.761243448
32 3 34109.282393822
33 3 -32770.930126976
34 3 478162.871809705
35 3 -31293.243033661
36 3 -204284.501817406
37 3 -25642.312015883
38 3 29462.353213947
39 3 -27927.652825198
40 3 24823.232362021
41 3 37983.562205804
42 3 2362.260821303
43 3 -23288.157587609
44 3 36989.161215485
45 3 -28641.302216682
46 3 80720.548499756
47 3 33799.048936029
48 3 923.719644709
49 3 -24151.354022048
50 3 31792.447589205
51 3 -26331.107407758
52 3 43437.987797922
53 3 29020.182851087
54 3 1202.114565044
55 3 -19967.383828874
56 3 30156.424385839
57 3 -25665.352434325
58 3 41254.297638270
59 3 23141.134854266
60 3 902.880917822
61 3 -21470.443057364
62 3 32008.489888384
63 3 -26457.452886260
64 3 45312.249491063
65 3 26010.694499644
66 3 1159.314869158
67 3 -20240.321357034
68 3 31735.960481713
69 3 -26699.652104742
70 3 45167.670925758
71 3 25286.874603936
72 3 977.414730281
73 3 -18372.361841513
74 3 31239.318886121
75 3 -26238.633107331
76 3 45925.898657273
77 3 22922.314115112
78 3 714.966237166
79 3 -30276.435538545
80 3 26271.820887148
81 3 -21737.697283821
82 3 48887.003022629
83 3 41861.595265933
84 3 2842.207898553
85 3 -9653.235878411
86 3 9401.959749287
87 3 -5978.248910663
88 3 13931.878310174
89 3 13550.009421490
90 3 913.091384564
91 3 -28662.331986029
92 3 28949.144314754
93 3 -25651.800674241
94 3 42239.574162747
95 3 39303.883630913
96 3 3293.003501698
1 4 932168.928433018
2 4 104841414.894471541
3 4 -12131029.532995118
4 4 600538097.272442341
5 4 -7482880.570952770
6 4 -10948237.246991964
7 4 -49914.495510410
8 4 -2994187.976270679
9 4 397064.035890179
10 4 -151616236.383341998
11 4 10725865.842147088
12 4 67347772.305344477
13 4 -32299.719000537
14 4 -1341971.039662376
15 4 106954.587896253
16 4 -25915373.565793157
17 4 142231.827549418
18 4 -9216548.834118163
19 4 -23117.035265561
20 4 -1644577.776974773
21 4 206974.808420671
22 4 -75904359.315742165
23 4 4906916.916033494
24 4 35906807.747376911
25 4 -11810.515909509
26 4 -520566.836828498
27 4 73802.382921458
28 4 -3569977.826614364
29 4 39266.742709649
30 4 -298166.058104673
31 4 33330.031633422
32 4 -808077.320535197
33 4 24718.723988651
34 4 -33061000.054686632
35 4 962825.647707604
36 4 14998287.252008485
37 4 -4475.769390568
38 4 -404218.011500311
39 4 -18611.604965664
40 4 -2167877.596339180
41 4 26129.569031872
42 4 -107815.607028242
43 4 -5701.390897485
44 4 -335990.801857879
45 4 52678.935824312
46 4 -821742.987561006
47 4 8426.709041440
48 4 -72966.088131639
49 4 -119.113243018
50 4 -257047.481511058
51 4 23394.386763232
52 4 -301921.204227784
53 4 1385.812240489
54 4 -33263.908758615
55 4 2738.989055371
56 4 -248306.493636959
57 4 21400.367079038
58 4 -291229.648222578
59 4 -937.064547733
60 4 -24090.682301177
61 4 -88.365470861
62 4 -259931.281825993
63 4 26108.241885337
64 4 -317146.425871266
65 4 1311.794790690
66 4 -31203.987208581
67 4 -984.068731843
68 4 -251284.993976656
69 4 26698.664192543
70 4 -304583.649679807
71 4 1838.732803375
72 4 -31159.099629309
73 4 215.545701808
74 4 -252959.015180158
75 4 25881.479949639
76 4 -316953.125856633
77 4 1826.440207655
78 4 -26345.564947315
79 4 -8742.333992598
80 4 -246190.252673536
81 4 25473.417507087
82 4 -640977.544271368
83 4 8500.365899590
84 4 -67271.535831767
85 4 -2919.697865024
86 4 -80094.066260293
87 4 7188.818920301
88 4 -104492.301561254
89 4 2633.725220056
90 4 -18698.793941906
91 4 -7628.870431949
92 4 -247388.300667077
93 4 19942.155400601
94 4 -309077.771808298
95 4 7881.674874295
96 4 -58912.760665351
1 5 -102998417.356390148
2 5 -917522.760602511
3 5 -8494809.598689817
4 5 -7482880.570952764
5 5 647017613.028593540
6 5 -61152503.339532614
7 5 3186863.234917314
8 5 23317.863056488
9 5 -699056.409391673
10 5 9028550.823876051
11 5 -206682727.398193210
12 5 20118229.316919394
13 5 1254958.078979927
14 5 20205.323753791
15 5 320341.968601286
16 5 -111432.988208437
17 5 -26893894.348851521
18 5 1271119.229962923
19 5 1657523.226856814
20 5 3429.148811032
21 5 -476032.708604975
22 5 3924661.838240820
23 5 -95807665.776203036
24 5 9381410.321113309
25 5 503184.070375154
26 5 9048.803467601
27 5 42807.578638174
28 5 22549.765953783
29 5 -3578842.086497461
30 5 565291.092810721
31 5 778561.692276099
32 5 -67138.128690505
33 5 -111088.261276149
34 5 -1678921.822169294
35 5 -42235025.676349618
36 5 5161226.050940735
37 5 385363.738625885
38 5 -228.521936224
39 5 27187.053825209
40 5 -13115.369011123
41 5 -2143928.763204677
42 5 -555222.057827821
43 5 322278.632554384
44 5 5897.667780287
45 5 24943.037984319
46 5 15129.361378479
47 5 -848266.414953539
48 5 243376.190645063
49 5 223694.645417955
50 5 930.945484124
51 5 22094.012136663
52 5 2550.778384186
53 5 -284921.819624726
54 5 43326.545175773
55 5 214881.229433926
56 5 -825.616296057
57 5 16962.964548193
58 5 1689.420493929
59 5 -274637.363525061
60 5 40474.901014188
61 5 226526.857645854
62 5 -3.443199921
63 5 20874.461305835
64 5 1479.719591119
65 5 -300860.118881978
66 5 50182.520928434
67 5 218563.032410598
68 5 1475.052777370
69 5 19872.515437804
70 5 2589.010009181
71 5 -288338.638446620
72 5 50804.478298659
73 5 220476.301223533
74 5 -1263.087954661
75 5 16960.034519648
76 5 686.467340194
77 5 -301525.635225389
78 5 52665.992782813
79 5 222979.837680700
80 5 6034.694896020
81 5 36341.734944007
82 5 4415.697543239
83 5 -631410.113944464
84 5 93022.606072313
85 5 74075.680158740
86 5 1977.832601841
87 5 11793.465488709
88 5 1376.063751823
89 5 -101310.494229487
90 5 13636.392757698
91 5 209717.645819889
92 5 3765.519830597
93 5 34906.519600203
94 5 2814.226048995
95 5 -289656.253709945
96 5 42401.238327773
1 6 13647365.474990886
2 6 10432798.140175153
3 6 -14646.167830507
4 6 -10948237.246991966
5 6 -61152503.339532621
6 6 103878366.069938034
7 6 -373836.612797769
8 6 92696.981527824
9 6 36903.711020952
10 6 18614450.318163417
11 6 15575517.577685433
12 6 -11582354.005112143
13 6 -142638.652239695
14 6 -206933.952437283
15 6 -9221.058820196
16 6 -4489068.706772645
17 6 1612242.175316977
18 6 -1795512.661453636
19 6 -177198.870704804
20 6 62797.923343678
21 6 21519.062772029
22 6 8437702.798731178
23 6 6331994.664513815
24 6 -5146191.038744728
25 6 -94496.733230835
26 6 -60282.291297207
27 6 245.577223240
28 6 -307316.137850971
29 6 570912.055706341
30 6 -153917.777734443
31 6 -111453.257593937
32 6 -72761.691685537
33 6 33021.034120550
34 6 1163107.869922693
35 6 8923476.787888683
36 6 -2184187.057862422
37 6 -38574.346547367
38 6 -43329.214999000
39 6 -1474.134313058
40 6 -101204.924121170
41 6 -58776.979316122
42 6 -92598.331072745
43 6 -79889.063398773
44 6 -40693.035990228
45 6 -847.929029517
46 6 -74127.748403262
47 6 245265.596313161
48 6 -116791.134846814
49 6 -47871.866800326
50 6 -37240.642274494
51 6 -1179.134273115
52 6 -40185.024032647
53 6 62161.792504870
54 6 -49276.092173211
55 6 -44644.646192111
56 6 -28892.537532973
57 6 -908.814890704
58 6 -30338.919539110
59 6 58410.935233725
60 6 -47587.180305065
61 6 -48842.362590403
62 6 -32822.855617269
63 6 -1087.305584605
64 6 -35016.446580971
65 6 65859.948210562
66 6 -51548.928765567
67 6 -49264.336168679
68 6 -31810.426265147
69 6 -905.583478123
70 6 -35011.329840733
71 6 65195.237041380
72 6 -52654.006316224
73 6 -48475.509434068
74 6 -26974.877654566
75 6 -698.848915946
76 6 -31041.272217821
77 6 67746.972003314
78 6 -53161.439837225
79 6 -44080.601027698
80 6 -51527.650555194
81 6 -2405.345461526
82 6 -64765.481169173
83 6 105801.014599854
84 6 -50385.928215395
85 6 -13858.952796767
86 6 -14555.762007681
87 6 -772.191067811
88 6 -18450.979010537
89 6 19460.090754545
90 6 -12194.116578957
91 6 -42603.119445335
92 6 -48437.450356704
93 6 -2749.642468861
94 6 -55785.034330988
95 6 59781.409214998
96 6 -52630.438105420
1 7 -467817.760574620
2 7 -15930.376546276
3 7 -28737.461595962
4 7 -49914.495510410
5 7 3186863.234917314
6 7 -373836.612797769
7 7 157275947.008736312
8 7 1850417.852183906
9 7 8122699.732340588
10 7 1973250.342887170
11 7 -135028119.658028364
12 7 18611720.591939192
13 7 -749583.849109334
14 7 -28795.265722326
15 7 -55925.048736584
16 7 -33372.906119686
17 7 3234606.917138947
18 7 -303655.712807405
19 7 -397935.258232907
20 7 -27123.069804526
21 7 -48445.993550135
22 7 -35390.399515288
23 7 939434.675684757
24 7 -166668.034621325
25 7 -269690.247507196
26 7 -21273.897732244
27 7 -30681.449589529
28 7 -23664.703325911
29 7 346756.175007343
30 7 -74610.271096830
31 7 -259229.560627685
32 7 -5248.510755457
33 7 -21227.818933990
34 7 -33454.780580138
35 7 901279.260333474
36 7 -264726.013731812
37 7 -231850.324612463
38 7 -3174.322444836
39 7 -31343.820152421
40 7 -37775.775704800
41 7 992585.758036979
42 7 56454.992353510
43 7 -229140.241031277
44 7 -2149.165239609
45 7 -18051.333738127
46 7 -1722.430620925
47 7 654909.456004643
48 7 -128795.962012917
49 7 -186363.283828909
50 7 127.116683289
51 7 -18463.240448338
52 7 -2933.658145216
53 7 230865.570609173
54 7 -34886.071881743
55 7 -244837.124215514
56 7 1566.784179383
57 7 -13419.465877561
58 7 -6132.325537115
59 7 1057572.317914520
60 7 -100037.461112620
61 7 -189191.982609256
62 7 50.774254087
63 7 -19909.398786571
64 7 -2596.064174631
65 7 240269.252630310
66 7 -39762.649525423
67 7 -193870.932807756
68 7 -2260.122732883
69 7 -20261.269805656
70 7 -4923.359124869
71 7 253018.936299894
72 7 -46881.062948818
73 7 -190799.382793286
74 7 1215.832476077
75 7 -17780.231785046
76 7 -1751.380651208
77 7 250609.855136396
78 7 -43633.131628982
79 7 -163787.116307935
80 7 -7747.657880821
81 7 -31312.768717233
82 7 -8905.172574212
83 7 214544.650798087
84 7 -35258.940318719
85 7 -61070.064551468
86 7 -3119.368163687
87 7 -9473.235110514
88 7 -3276.204377878
89 7 82032.380386207
90 7 -11296.677733853
91 7 -198602.191826852
92 7 -5058.436203868
93 7 -29722.974200900
94 7 -5382.943408049
95 7 440194.969788344
96 7 -66087.879896964
1 8 -13948.373134371
2 8 -496584.675301641
3 8 60712.392749815
4 8 -2994187.976270679
5 8 23317.863056488
6 8 92696.981527824
7 8 1850417.852183906
8 8 165757239.962708622
9 8 -6139332.362226758
10 8 138478606.013781041
11 8 -1957697.364705279
12 8 13843759.837122019
13 8 -33893.835997025
14 8 -793342.956495902
15 8 78848.107966891
16 8 -3258852.519796368
17 8 54385.250172877
18 8 -147049.362669571
19 8 -30250.096940212
20 8 -441543.712712724
21 8 52948.920991849
22 8 -965152.259431724
23 8 42066.510199413
24 8 -130606.213248175
25 8 -22057.816868061
26 8 -317277.888129895
27 8 30613.825365773
28 8 -380695.954226534
29 8 24502.820362748
30 8 -69580.276318438
31 8 -5820.585889937
32 8 -294112.514558607
33 8 30261.726541110
34 8 -836055.659139660
35 8 30608.323368100
36 8 -87527.853714558
37 8 -3190.767039086
38 8 -283021.569386186
39 8 11120.931832100
40 8 -1045949.037566289
41 8 26035.832170019
42 8 -326180.409605243
43 8 -2028.262876322
44 8 -271524.162864933
45 8 21355.756096038
46 8 -658877.173426369
47 8 -2873.800106954
48 8 -17532.558821498
49 8 1646.213969093
50 8 -229012.277730520
51 8 13515.809554260
52 8 -259224.185587411
53 8 1204.217292860
54 8 -30650.957103332
55 8 5311.162028681
56 8 -286818.291452455
57 8 18481.605234936
58 8 -1087063.508622503
59 8 -16524.732368285
60 8 31005.695397328
61 8 668.779816916
62 8 -233284.523803390
63 8 15838.584787361
64 8 -269646.750689833
65 8 1955.855886914
66 8 -33928.051894798
67 8 -1028.730883108
68 8 -236774.788352098
69 8 18331.844838126
70 8 -280692.923124966
71 8 3561.220487774
72 8 -36764.126952183
73 8 900.240371361
74 8 -234335.286862296
75 8 16166.242208459
76 8 -278997.952153894
77 8 2210.584287385
78 8 -30698.043077956
79 8 -8928.369474158
80 8 -199583.933125631
81 8 12507.634945388
82 8 -238440.799698925
83 8 10821.550528698
84 8 -58782.332000727
85 8 -3567.630655995
86 8 -65399.127535202
87 8 4790.543638520
88 8 -84864.718813560
89 8 3915.083029214
90 8 -15671.259992095
91 8 -7235.010000381
92 8 -247686.964809704
93 8 14368.548909329
94 8 -468938.686868133
95 8 8961.776727659
96 8 -51639.795023067
1 9 -10321.460834548
2 9 57526.984347614
3 9 -40870.892570400
4 9 397064.035890179
5 9 -699056.409391673
6 9 36903.711020952
7 9 8122699.732340588
8 9 -6139332.362226757
9 9 88425243.110961378
10 9 -16638883.692660833
11 9 -11646374.380143233
12 9 -15552.978181892
13 9 -56057.247877613
14 9 79974.057306469
15 9 -46744.473978236
16 9 272815.768047258
17 9 115049.694041333
18 9 247.934878950
19 9 -49361.421247067
20 9 54820.707605717
21 9 -41910.798641345
22 9 139941.422245051
23 9 103402.800550408
24 9 214.527967167
25 9 -33530.875515453
26 9 33722.898728199
27 9 -38537.782288749
28 9 54341.104664934
29 9 48752.764426394
30 9 -52.616284622
31 9 -25401.966094420
32 9 36540.600531288
33 9 -32660.067760668
34 9 222294.249997020
35 9 73225.111614713
36 9 192.061297994
37 9 -28999.617659111
38 9 27276.231249730
39 9 -28278.987040343
40 9 68706.256339946
41 9 161831.142660312
42 9 32160.249002726
43 9 -21602.107039430
44 9 32754.114804841
45 9 -27894.443663633
46 9 121793.127027981
47 9 12792.134818071
48 9 558.153942749
49 9 -21214.265834931
50 9 26054.632092016
51 9 -24241.185522344
52 9 36347.220964541
53 9 24972.547158005
54 9 933.525459503
55 9 -15777.044162121
56 9 31171.767161059
57 9 -26040.259419216
58 9 98820.498381454
59 9 -32911.409312807
60 9 811.095940365
61 9 -20366.900286555
62 9 26597.053030870
63 9 -25092.966084421
64 9 37926.363859859
65 9 24697.839322698
66 9 1136.180129690
67 9 -20717.483914669
68 9 28488.302456886
69 9 -26321.220581375
70 9 42359.023907415
71 9 26294.410296344
72 9 1095.776877522
73 9 -18740.016538045
74 9 27179.260043697
75 9 -25709.192426455
76 9 40633.427992474
77 9 23369.851850234
78 9 918.398953771
79 9 -29437.842223862
80 9 21817.633513538
81 9 -21630.157603460
82 9 33203.113830376
83 9 39101.125389614
84 9 2290.024127017
85 9 -8834.201784659
86 9 7892.941055649
87 9 -4996.754650842
88 9 12057.635676309
89 9 12507.029150815
90 9 714.509805968
91 9 -26843.012804041
92 9 27135.774044402
93 9 -25455.970080872
94 9 64751.989836429
95 9 31816.508394521
96 9 2705.102942429
1 10 -248187.938215096
2 10 -6037721.868359884
3 10 626196.945869607
4 10 -151616236.383341998
5 10 9028550.823876051
6 10 18614450.318163417
7 10 1973250.342887172
8 10 138478606.013781011
9 10 -16638883.692660833
10 10 689679008.492914200
11 10 -16167261.870831359
12 10 -60090096.853232130
13 10 -53121.278891188
14 10 -3104158.769608784
15 10 261795.668840240
16 10 -19671456.601588249
17 10 115191.844867887
18 10 -277188.136041163
19 10 -40179.294553710
20 10 -906114.553693848
21 10 131039.122542837
22 10 -3413087.698386892
23 10 55397.369504159
24 10 -315407.493559503
25 10 -22864.876557938
26 10 -368681.567279138
27 10 49385.143119221
28 10 -477749.504833350
29 10 19077.907542057
30 10 -87132.151759007
31 10 -20567.917091707
32 10 -638205.775315602
33 10 149330.092142321
34 10 -5640277.780332563
35 10 76362.286858678
36 10 -532203.451758717
37 10 9542.115300190
38 10 -680736.844271673
39 10 -29483.943359376
40 10 -8861881.125984885
41 10 150620.441134827
42 10 -3291912.474481957
43 10 1697.966967610
44 10 -483009.998681341
45 10 73229.489213837
46 10 -3270083.241837657
47 10 -33562.685407302
48 10 92836.279883583
49 10 867.705425929
50 10 -243944.835511688
51 10 22028.490855404
52 10 -285413.977315283
53 10 148.874817685
54 10 -29409.127775435
55 10 9580.460491467
56 10 -621969.427250179
57 10 52632.156139323
58 10 -6183301.908435153
59 10 -87877.036589707
60 10 403243.528982385
61 10 -245.144402994
62 10 -248556.436094409
63 10 24527.489190793
64 10 -296618.344787744
65 10 1006.197144268
66 10 -32859.212674945
67 10 -1674.281175958
68 10 -255914.587620940
69 10 28626.708270678
70 10 -315672.078400888
71 10 1919.275677412
72 10 -36659.270776036
73 10 -263.326516082
74 10 -251567.112578089
75 10 25855.864798610
76 10 -311499.178188386
77 10 1575.685806095
78 10 -30319.731829874
79 10 -7912.772025980
80 10 -213016.823654176
81 10 20615.904659086
82 10 -264032.752807257
83 10 6716.203219957
84 10 -59175.039957568
85 10 -2982.355238836
86 10 -74736.137785315
87 10 7283.699315419
88 10 -99004.679014234
89 10 2464.862771913
90 10 -18102.963400351
91 10 -6609.521634436
92 10 -320443.113234888
93 10 31162.057468373
94 10 -1172732.043297319
95 10 4491.828370233
96 10 -30246.281226471
1 11 7621554.245842443
2 11 288103.849510228
3 11 -742736.274990569
4 11 10725865.842147088
5 11 -206682727.398193210
6 11 15575517.577685433
7 11 -135028119.658028394
8 11 -1957697.364705281
9 11 -11646374.380143236
10 11 -16167261.870831031
11 11 772909526.279037952
12 11 -78974080.531586453
13 11 3079591.859418119
14 11 32851.980834996
15 11 115270.645493980
16 11 -12401.939076508
17 11 -19603147.782084234
18 11 1292431.674226056
19 11 879579.113940675
20 11 33687.280551764
21 11 98784.211470299
22 11 31976.184032418
23 11 -3401397.074545654
24 11 503827.953157179
25 11 334587.781910172
26 11 21923.027363620
27 11 44047.099211625
28 11 17991.410160524
29 11 -458554.757183043
30 11 98951.858790191
31 11 668956.620149149
32 11 22043.931470253
33 11 51113.236027308
34 11 109313.096214937
35 11 -5922071.129470038
36 11 1997871.163180739
37 11 600926.720840455
38 11 -2344.818709850
39 11 164369.709599976
40 11 298185.453596755
41 11 -8856070.310118092
42 11 -1056700.463647211
43 11 465004.116348647
44 11 850.673295277
45 11 13368.031531506
46 11 3572.682038404
47 11 -3321290.418301243
48 11 710935.045129776
49 11 212476.858497759
50 11 726.690383728
51 11 20715.309092402
52 11 2234.044311873
53 11 -269168.460622870
54 11 40018.785220839
55 11 591342.807211659
56 11 2146.873089032
57 11 -6850.137489413
58 11 56841.735621843
59 11 -6133866.374623789
60 11 458740.584288797
61 11 215704.972727772
62 11 801.529366979
63 11 22270.274478298
64 11 1824.563522557
65 11 -279516.723633663
66 11 45143.573700601
67 11 224323.115418820
68 11 2868.718186565
69 11 23345.208166863
70 11 3533.970552340
71 11 -299859.932627721
72 11 54854.191421633
73 11 219143.116878808
74 11 -165.080790514
75 11 20041.668545477
76 11 1152.923740282
77 11 -295138.240768675
78 11 50853.857985039
79 11 186582.981327032
80 11 6159.127432303
81 11 36555.146053609
82 11 4484.613570283
83 11 -250185.719288744
84 11 41322.139216922
85 11 70950.858057122
86 11 2406.204544127
87 11 11631.437225581
88 11 1692.131006311
89 11 -96943.808801730
90 11 13572.674653394
91 11 284451.746088267
92 11 3621.834228089
93 11 33207.158202381
94 11 -670.325221226
95 11 -1158771.917948914
96 11 170392.368230902
1 12 -851138.622174384
2 12 1928767.812083253
3 12 -80002.151452891
4 12 67347772.305344477
5 12 20118229.316919394
6 12 -11582354.005112143
7 12 18611720.591939196
8 12 13843759.837122016
9 12 -15552.978181894
10 12 -60090096.853233561
11 12 -78974080.531587049
12 12 150083165.765482932
13 12 -294478.267516153
14 12 -143049.105822226
15 12 18.721095080
16 12 -261187.710859414
17 12 1295414.888458001
18 12 -256559.029113106
19 12 -158142.580414373
20 12 -124983.311491335
21 12 12.375347729
22 12 -309549.182566196
23 12 497374.250444670
24 12 -166246.492338814
25 12 -74076.183995499
26 12 -70272.489421084
27 12 171.815695290
28 12 -91694.418151959
29 12 102503.482940472
30 12 -97877.889034473
31 12 -191345.568049727
32 12 -71878.989866385
33 12 -20.115350316
34 12 -543764.072959766
35 12 2019591.297929517
36 12 -787406.377482962
37 12 -58745.498982190
38 12 -111621.417157416
39 12 -17363.341893974
40 12 -1596082.548330738
41 12 516185.556609152
42 12 -580682.250969454
43 12 -96526.462641587
44 12 -27708.898157739
45 12 -660.795563001
46 12 78322.847732732
47 12 724854.317075794
48 12 -202992.495853788
49 12 -41267.997725096
50 12 -31873.855045463
51 12 -913.673103484
52 12 -33615.758481962
53 12 53665.906094919
54 12 -45060.545682204
55 12 -73635.847497436
56 12 -3269.805620090
57 12 -886.547573161
58 12 381735.554793028
59 12 476163.311375488
60 12 -115379.705577632
61 12 -42854.948851434
62 12 -31503.383876518
63 12 -1042.393170410
64 12 -33370.453246029
65 12 56004.319121023
66 12 -48638.948883986
67 12 -47802.375515379
68 12 -33661.082529322
69 12 -982.200356348
70 12 -37196.193461228
71 12 64775.546278999
72 12 -53708.065777631
73 12 -44819.189003392
74 12 -28275.163290348
75 12 -839.916551867
76 12 -31590.106286587
77 12 61544.617909117
78 12 -52328.172614202
79 12 -36316.564778494
80 12 -49930.054300110
81 12 -1964.909719097
82 12 -55820.685410329
83 12 50404.702371292
84 12 -44308.769902449
85 12 -12394.880242570
86 12 -13022.736425933
87 12 -607.609661047
88 12 -17081.687662069
89 12 17507.840850853
90 12 -10385.965301651
91 12 -50433.204446595
92 12 -44393.691515891
93 12 -2306.730540735
94 12 -26662.938779513
95 12 182427.243890009
96 12 -72246.719633851
1 13 -325329.613344288
2 13 -14622.963037072
3 13 -35836.100194156
4 13 -32299.719000537
5 13 1254958.078979927
6 13 -142638.652239695
7 13 -749583.849109334
8 13 -33893.835997025
9 13 -56057.247877613
10 13 -53121.278891188
11 13 3079591.859418119
12 13 -294478.267516153
13 13 149831897.480434448
14 13 1615103.630258873
15 13 7274876.468761396
16 13 1654597.308232630
17 13 -125045343.342439711
18 13 15862908.644096063
19 13 -419101.790086079
20 13 -27543.650284293
21 13 -63902.220438797
22 13 -28734.148032152
23 13 7804411.098429058
24 13 -525362.434934848
25 13 -250562.772934810
26 13 -18230.412227019
27 13 -30709.774343946
28 13 -23281.885793894
29 13 339275.087871913
30 13 -81744.207336701
31 13 -203539.475883741
32 13 -4702.248797726
33 13 -19100.843026267
34 13 -6225.388463590
35 13 242243.243674643
36 13 -40865.155983997
37 13 -209947.516125936
38 13 -2649.539203781
39 13 -15326.288715191
40 13 -2390.334662541
41 13 277776.764501229
42 13 -47596.665145010
43 13 -194849.548851113
44 13 -3721.028100634
45 13 -19547.270993858
46 13 -5770.445859627
47 13 238086.736347590
48 13 -35685.344410006
49 13 -205736.565678859
50 13 -1601.457822198
51 13 -13313.897577369
52 13 -4706.701088004
53 13 286654.242733604
54 13 -36159.411262525
55 13 -251014.027304333
56 13 707.780400172
57 13 -13736.746851633
58 13 -9793.352495693
59 13 1127224.584203785
60 13 -107260.048814234
61 13 -186216.649967822
62 13 -501.448909795
63 13 -19397.517953545
64 13 -3172.701029769
65 13 236409.148668719
66 13 -39395.720770963
67 13 -196062.491404358
68 13 -1559.389587423
69 13 -19147.746015798
70 13 -4458.912717471
71 13 255614.125027028
72 13 -46936.131518224
73 13 -188391.863366294
74 13 1088.567099639
75 13 -16994.904347918
76 13 -1914.344167529
77 13 247572.552199186
78 13 -42475.898083150
79 13 -156635.018205781
80 13 -8120.194165104
81 13 -29984.387281294
82 13 -9242.831944561
83 13 205171.469270839
84 13 -33344.733479270
85 13 -54693.357321604
86 13 -3440.142821359
87 13 -7006.429185345
88 13 -3460.349406854
89 13 73736.980790881
90 13 -11648.644120805
91 13 -188540.733316337
92 13 -5402.493977905
93 13 -26778.860456927
94 13 -5976.857403930
95 13 433250.260268930
96 13 -65853.128529423
1 14 -11173.653264705
2 14 -368334.933888926
3 14 41781.283277529
4 14 -1341971.039662376
5 14 20205.323753791
6 14 -206933.952437283
7 14 -28795.265722326
8 14 -793342.956495902
9 14 79974.057306469
10 14 -3104158.769608784
11 14 32851.980834996
12 14 -143049.105822226
13 14 1615103.630258873
14 14 157411263.522475421
15 14 -5189961.764289914
16 14 127362508.463275582
17 14 -1660211.854518172
18 14 14161310.222088927
19 14 -27422.555538095
20 14 -456138.181245374
21 14 51168.116688367
22 14 -6127890.546093259
23 14 313.477982487
24 14 -2132851.694220532
25 14 -17098.228700703
26 14 -292739.345724229
27 14 32427.207379525
28 14 -367115.009009987
29 14 21689.365860465
30 14 -70597.576677470
31 14 -3898.123210581
32 14 -247395.009418558
33 14 18785.493554006
34 14 -272136.615424066
35 14 5280.135806727
36 14 -33071.142504545
37 14 -1874.333394929
38 14 -256699.726032113
39 14 18942.890141140
40 14 -311876.439597605
41 14 1298.330444107
42 14 -18868.422200781
43 14 -2523.600723511
44 14 -240322.487533348
45 14 14195.017149949
46 14 -269633.453681226
47 14 4459.740590990
48 14 -35369.317772422
49 14 1646.948978099
50 14 -250321.590872904
51 14 13897.425132239
52 14 -315881.903161059
53 14 46.219599620
54 14 -8035.280538232
55 14 6367.107470994
56 14 -292993.814763364
57 14 19552.844105631
58 14 -1156203.330250491
59 14 -21488.059447874
60 14 34213.203637228
61 14 1523.641113450
62 14 -229942.794819081
63 14 15896.631168468
64 14 -265743.943164484
65 14 861.958547813
66 14 -33156.178205814
67 14 1176.277392340
68 14 -240664.181341024
69 14 18637.170011411
70 14 -284886.922616620
71 14 1242.552735202
72 14 -34057.483503290
73 14 2204.464648140
74 14 -232218.252131518
75 14 16170.084169754
76 14 -276511.495552815
77 14 623.091435425
78 14 -29144.678059804
79 14 -8009.728955622
80 14 -190615.311844184
81 14 12230.427525807
82 14 -227843.810440194
83 14 9556.124498345
84 14 -56954.344032138
85 14 -3409.008926998
86 14 -56845.352029748
87 14 5184.142325346
88 14 -74751.850222411
89 14 3441.673296568
90 14 -11700.401362110
91 14 -5947.527836619
92 14 -234804.318126827
93 14 14485.693827015
94 14 -459879.226355110
95 14 6455.069681534
96 14 -46400.667089411
1 15 -41833.063384998
2 15 35455.487089076
3 15 -35675.657752350
4 15 106954.587896253
5 15 320341.968601286
6 15 -9221.058820196
7 15 -55925.048736584
8 15 78848.107966891
9 15 -46744.473978236
10 15 261795.668840240
11 15 115270.645493980
12 15 18.721095080
13 15 7274876.468761396
14 15 -5189961.764289914
15 15 87494453.318679705
16 15 -14176471.822086144
17 15 -12641655.425300157
18 15 5614.546285542
19 15 -53808.011024142
20 15 51982.321933225
21 15 -42055.586437301
22 15 398926.047922981
23 15 1158269.751314763
24 15 46516.833587730
25 15 -32734.740753727
26 15 34135.336771904
27 15 -34373.985878399
28 15 60281.845927381
29 15 50581.581603266
30 15 -129.248513627
31 15 -22350.974556203
32 15 23599.438301388
33 15 -27189.860451957
34 15 34087.570923631
35 15 26274.319009628
36 15 -14.242524931
37 15 -19610.606976361
38 15 27607.026943888
39 15 -27880.732081660
40 15 43370.937708529
41 15 17650.650865581
42 15 -445.272302758
43 15 -22352.408743803
44 15 24613.150154690
45 15 -26118.065814536
46 15 35026.526897553
47 15 27028.931861765
48 15 791.193350054
49 15 -16370.835826183
50 15 26843.466096316
51 15 -27193.364241777
52 15 40971.390719321
53 15 12240.134405779
54 15 -104.896349392
55 15 -15189.447026600
56 15 31382.589276272
57 15 -26225.936435905
58 15 106195.881192748
59 15 -39948.436597992
60 15 1090.331591996
61 15 -19284.854257012
62 15 25625.435762051
63 15 -24897.932260783
64 15 36838.917271484
65 15 23382.561439829
66 15 1124.037001625
67 15 -19217.666814725
68 15 28125.932005106
69 15 -26602.352393098
70 15 41891.028527021
71 15 24128.049463513
72 15 1023.786128682
73 15 -17428.291038862
74 15 26232.974540765
75 15 -25214.074516543
76 15 39298.830574257
77 15 21595.467524245
78 15 897.607530368
79 15 -27832.272916495
80 15 20369.200320773
81 15 -20495.162887235
82 15 31170.546998634
83 15 37011.031168235
84 15 2136.277860180
85 15 -6436.108878095
86 15 7538.241607400
87 15 -4330.869664848
88 15 11673.398302410
89 15 9617.651420297
90 15 515.301635856
91 15 -23765.587929759
92 15 25597.880284861
93 15 -24175.789555644
94 15 63909.290703187
95 15 26969.942091107
96 15 2445.336557514
1 16 -20979.658977886
2 16 -2040565.319327980
3 16 166433.321535770
4 16 -25915373.565793157
5 16 -111432.988208437
6 16 -4489068.706772645
7 16 -33372.906119686
8 16 -3258852.519796368
9 16 272815.768047258
10 16 -19671456.601588249
11 16 -12401.939076508
12 16 -261187.710859414
13 16 1654597.308232630
14 16 127362508.463275582
15 16 -14176471.822086146
16 16 815848365.759430766
17 16 2765253.196833508
18 16 97729002.157120541
19 16 -42360.410850256
20 16 -3232578.311740837
21 16 249347.787672669
22 16 -311777059.011533618
23 16 -5286048.900629238
24 16 -119063646.632562131
25 16 -20305.250987245
26 16 -357314.295566215
27 16 56823.247813073
28 16 -527037.495785390
29 16 19964.132024018
30 16 -104620.480727394
31 16 -4022.636650881
32 16 -264330.477282203
33 16 28367.644176430
34 16 -302211.389570075
35 16 3192.323618220
36 16 -32346.156308045
37 16 7.865855894
38 16 -298612.119538838
39 16 32077.567960312
40 16 -415002.325972284
41 16 -2998.199100823
42 16 5076.290891220
43 16 -2608.602185536
44 16 -257691.979150145
45 16 23301.832667868
46 16 -299296.883790364
47 16 2262.566997127
48 16 -35093.288129169
49 16 566.774536836
50 16 -295072.690386990
51 16 24279.908232721
52 16 -438165.723513142
53 16 -2721.485079131
54 16 18821.532019453
55 16 12430.070672220
56 16 -684064.003969114
57 16 59118.119715712
58 16 -7005033.910933611
59 16 -121137.104680855
60 16 460195.366735551
61 16 479.197318736
62 16 -246845.590483886
63 16 24714.448307298
64 16 -294721.127946144
65 16 21.135468055
66 16 -32304.532332312
67 16 196.285800256
68 16 -261840.189227210
69 16 29083.966740868
70 16 -322320.511307903
71 16 112.698191940
72 16 -33979.191288032
73 16 892.401597404
74 16 -251230.325200352
75 16 25754.166998557
76 16 -311098.098275578
77 16 233.300494478
78 16 -28792.469636119
79 16 -7154.400641689
80 16 -205125.174575911
81 16 20084.406319451
82 16 -254591.408009877
83 16 5670.641995063
84 16 -57528.327067789
85 16 -2816.413136505
86 16 -66263.058537804
87 16 7757.437335078
88 16 -89533.614153598
89 16 2070.382210885
90 16 -14444.881607409
91 16 -5255.641652896
92 16 -313794.859048093
93 16 31842.069342322
94 16 -1223542.730705559
95 16 69.832700806
96 16 -22682.900741669
1 17 2041123.209544127
2 17 41025.297203332
3 17 314629.599328379
4 17 142231.827549418
5 17 -26893894.348851521
6 17 1612242.175316977
7 17 3234606.917138947
8 17 54385.250172877
9 17 115049.694041333
10 17 115191.844867887
11 17 -19603147.782084234
12 17 1295414.888458001
13 17 -125045343.342439711
14 17 -1660211.854518172
15 17 -12641655.425300157
16 17 2765253.196833515
17 17 906649324.800496101
18 17 -63496896.299737133
19 17 3634443.998526434
20 17 70600.975821776
21 17 1163790.529211070
22 17 -2796073.233002045
23 17 -421022177.091877878
24 17 21940514.365363415
25 17 329288.021062511
26 17 21731.167264745
27 17 46754.666195571
28 17 22303.366573328
29 17 -513908.116868996
30 17 131159.373093647
31 17 233668.879730495
32 17 4918.567161322
33 17 22120.910912806
34 17 4324.616488288
35 17 -286116.535435091
36 17 48310.270441163
37 17 261786.397257247
38 17 1025.004425865
39 17 12236.145667872
40 17 -1161.194564557
41 17 -391932.442822386
42 17 68052.207374415
43 17 223916.627095112
44 17 3824.372088843
45 17 22970.131968593
46 17 3835.137922426
47 17 -281137.277536577
48 17 41998.436061363
49 17 262017.993545369
50 17 3672.647234768
51 17 8280.524839799
52 17 4985.127895269
53 17 -422426.258869617
54 17 52291.485460317
55 17 654151.632081461
56 17 4886.568340312
57 17 -9663.902001478
58 17 85330.077375663
59 17 -6954088.852911743
60 17 523926.719382461
61 17 214173.351438375
62 17 1619.293996707
63 17 21778.560827132
64 17 2721.981885682
65 17 -277604.823370976
66 17 45324.245245930
67 17 228722.638499563
68 17 2702.277218114
69 17 21931.404182853
70 17 3874.693047070
71 17 -305472.162969375
72 17 55324.399653872
73 17 218456.357216049
74 17 250.773085225
75 17 19100.383507057
76 17 1797.712308285
77 17 -294369.991827306
78 17 50045.425994285
79 17 179971.467290752
80 17 6815.342246257
81 17 35231.143905085
82 17 5229.696835802
83 17 -241406.572437562
84 17 39670.665637566
85 17 64223.638959019
86 17 2815.878942306
87 17 9081.337643262
88 17 2064.355464838
89 17 -88509.852306644
90 17 14173.353140588
91 17 279855.049301778
92 17 4424.713932988
93 17 29746.401434598
94 17 2339.077573524
95 17 -1211366.151798037
96 17 179148.246877877
1 18 -168375.250692652
2 18 -609478.823465135
3 18 16957.613664547
4 18 -9216548.834118163
5 18 1271119.229962923
6 18 -1795512.661453636
7 18 -303655.712807405
8 18 -147049.362669571
9 18 247.934878950
10 18 -277188.136041163
11 18 1292431.674226056
12 18 -256559.029113106
13 18 15862908.644096063
14 18 14161310.222088926
15 18 5614.546285542
16 18 97729002.157120541
17 18 -63496896.299737133
18 18 116923925.082428873
19 18 -293867.834271665
20 18 -482581.288526950
21 18 -35824.022473631
22 18 -47404088.337773696
23 18 21117895.308169726
24 18 -19460467.751384385
25 18 -80039.098827275
26 18 -70791.010870171
27 18 241.180592681
28 18 -108231.022887022
29 18 132523.515510402
30 18 -96727.162156925
31 18 -42856.342431513
32 18 -35894.884789087
33 18 12.292774772
34 18 -37494.630465374
35 18 53586.196151580
36 18 -51541.232463318
37 18 -51699.199535089
38 18 -25133.034846612
39 18 326.478032295
40 18 -6798.145001513
41 18 80320.079631227
42 18 -66855.358335520
43 18 -41258.630865685
44 18 -37176.080278636
45 18 -771.841868212
46 18 -39550.910891330
47 18 53578.136543600
48 18 -50575.337836259
49 18 -43814.077944487
50 18 -14496.289477845
51 18 -45.424484790
52 18 6149.615103991
53 18 72833.712375278
54 18 -75222.562224738
55 18 -80008.729149791
56 18 1261.446005291
57 18 -1063.172026704
58 18 460691.037874792
59 18 548676.692668141
60 18 -128614.503141369
61 18 -42154.239476927
62 18 -30434.978430675
63 18 -1028.605025234
64 18 -31956.667725647
65 18 55185.956443059
66 18 -48597.065679199
67 18 -47821.150204482
68 18 -31050.243516008
69 18 -922.049909667
70 18 -33941.880812784
71 18 64618.311605737
72 18 -54571.631613955
73 18 -43616.689178375
74 18 -26566.969691959
75 18 -816.583325018
76 18 -29270.477915411
77 18 59914.215379567
78 18 -51448.320288067
79 18 -34135.779167269
80 18 -48417.442230843
81 18 -1834.833522010
82 18 -53696.363441584
83 18 47597.442505468
84 18 -41858.010254014
85 18 -12182.499999818
86 18 -9680.831401947
87 18 -435.684293305
88 18 -13532.092538024
89 18 17228.425264776
90 18 -9193.083817842
91 18 -49453.846988562
92 18 -40070.572491589
93 18 -2063.839736554
94 18 -17040.540015520
95 18 191081.322536798
96 18 -71638.984757448
1 19 -334647.754370288
2 19 -11140.771499505
3 19 -20790.915129731
4 19 -23117.035265561
5 19 1657523.226856814
6 19 -177198.870704804
7 19 -397935.258232907
8 19 -30250.096940212
9 19 -49361.421247067
10 19 -40179.294553710
11 19 879579.113940675
12 19 -158142.580414373
13 19 -419101.790086079
14 19 -27422.555538095
15 19 -53808.011024142
16 19 -42360.410850256
17 19 3634443.998526434
18 19 -293867.834271665
19 19 144632264.490341306
20 19 1479140.979527210
21 19 7023650.287093461
22 19 3802620.189919198
23 19 -114266927.415079936
24 19 15677077.763221370
25 19 -245508.917653855
26 19 -24642.766112611
27 19 -35210.938167611
28 19 -3099983.434444799
29 19 3575535.387442410
30 19 -95832.633210831
31 19 -216021.896284293
32 19 -4474.620683870
33 19 -13902.547606827
34 19 -8882.983953429
35 19 302068.848884836
36 19 -21904.034398919
37 19 -200628.267472957
38 19 -1321.206652733
39 19 -12937.018779387
40 19 767.951234814
41 19 266445.620949852
42 19 -45830.404904898
43 19 -380492.615688096
44 19 1572.341678225
45 19 -17346.439344970
46 19 43014.479999678
47 19 8012734.273000197
48 19 -1708186.019869786
49 19 -186529.042370143
50 19 -2959.370742948
51 19 -20777.297049974
52 19 -5535.175999918
53 19 232310.470840396
54 19 -36268.412482771
55 19 -259578.934686148
56 19 -3007.312135108
57 19 -8857.203295796
58 19 -19131.178299701
59 19 1432702.363572565
60 19 -82543.774817443
