# name: debug
# type: sparse matrix
# nnz: 11664
# rows: 108
# columns: 108

1 1 71706124.838117987
2 1 254747.286939815
3 1 10050223.954968773
4 1 728819.032231384
5 1 -89174514.277275756
6 1 11299480.054779226
7 1 -7617244.418286587
8 1 -107445.017047608
9 1 -745643.730014762
10 1 -212402.842486325
11 1 11881390.188531592
12 1 -1890917.016888427
13 1 -2690503.232806480
14 1 28924.704632111
15 1 -280986.118204849
16 1 6333.019851932
17 1 3802355.527520258
18 1 -469021.195488821
19 1 -2569813.989075230
20 1 -92611.208966367
21 1 -357938.274370846
22 1 -35497.459988869
23 1 6504096.281660985
24 1 -474427.771239371
25 1 -1489813.487819448
26 1 -27750.835206871
27 1 -238304.600915812
28 1 -19378.444929942
29 1 2348581.745626566
30 1 -216908.250861539
31 1 -1588997.697182512
32 1 -7708.332650789
33 1 -223966.283772055
34 1 -41082.799656889
35 1 2765763.815005922
36 1 -432525.706448058
37 1 -1824205.071488039
38 1 -12465.283532977
39 1 -261424.967302795
40 1 -20580.484566537
41 1 5624666.881124103
42 1 -847034.914835434
43 1 -1763824.271628807
44 1 -19108.768334147
45 1 -225163.234835519
46 1 -48610.347798260
47 1 3923162.570029580
48 1 -689086.235580245
49 1 -1249578.099515971
50 1 3375.482060945
51 1 -219320.828142405
52 1 55023.487891923
53 1 2138765.111410022
54 1 -189458.701740753
55 1 -1788631.591132040
56 1 2666.599539579
57 1 -227107.786035033
58 1 -18632.182365481
59 1 5124247.340154030
60 1 -555619.566516356
61 1 -1199518.529784354
62 1 21521.908304209
63 1 -237385.710291759
64 1 2853.574286915
65 1 1527161.097456827
66 1 -93393.352104838
67 1 -1115684.859439477
68 1 10334.439760544
69 1 -214230.654155982
70 1 -8260.180376370
71 1 1162177.513036561
72 1 -103256.190258266
73 1 -1373379.659492113
74 1 15476.335724121
75 1 -183201.746649306
76 1 -173642.991954784
77 1 3138078.012760042
78 1 -226556.873865827
79 1 -1157587.393560961
80 1 29288.731454159
81 1 -195315.420662841
82 1 5138.877940857
83 1 1243419.000345757
84 1 -110780.736026367
85 1 -1115863.993047607
86 1 24954.657681247
87 1 -197183.315621376
88 1 4974.662036303
89 1 1205904.350677864
90 1 -91862.690183242
91 1 -1091205.906802140
92 1 26331.357771078
93 1 -210016.855398671
94 1 6085.774835394
95 1 1453386.795901690
96 1 -125112.064502166
97 1 -1255713.797401513
98 1 26902.418579389
99 1 -189142.687314354
100 1 21083.786623216
101 1 3410243.490229338
102 1 -329190.871140306
103 1 -1078217.268872708
104 1 37960.718432550
105 1 -202391.015308017
106 1 7627.307069579
107 1 1381815.175415568
108 1 -111151.556442981
1 2 254747.286939815
2 2 79460373.520906046
3 2 -4774875.193983325
4 2 91623505.421515837
5 2 -722019.392190840
6 2 12128218.388533276
7 2 -158159.826500919
8 2 -8550987.038011098
9 2 736276.171975831
10 2 -12373661.416981421
11 2 296518.621577528
12 2 -1635995.389935093
13 2 -12804.299185033
14 2 -3125420.605074034
15 2 208213.532731759
16 2 -4001927.881488436
17 2 50606.312122565
18 2 -413637.508626116
19 2 -139010.957935827
20 2 -2874364.677690859
21 2 214458.766995837
22 2 -6696112.290383222
23 2 148941.204326861
24 2 -744475.892107324
25 2 -49696.164935325
26 2 -1749455.224709474
27 2 91742.669304133
28 2 -2482640.456553086
29 2 53396.071978408
30 2 -363963.026478149
31 2 -31037.132901003
32 2 -1793495.624510367
33 2 100495.415943571
34 2 -2832485.418927743
35 2 76545.404887241
36 2 -417315.856085655
37 2 -41005.252328353
38 2 -2000521.556196158
39 2 154353.635134323
40 2 -5694271.059925443
41 2 89235.681069470
42 2 -676171.509974472
43 2 -39327.634720621
44 2 -1890373.581424463
45 2 155055.042384686
46 2 -3915887.393084888
47 2 78850.588151230
48 2 -441773.513906546
49 2 -9977.727238028
50 2 -1421264.466202503
51 2 37677.738414202
52 2 -1955529.250746815
53 2 -29033.412245204
54 2 -464914.714602144
55 2 -3349.839184097
56 2 -1973834.019783369
57 2 105699.468021727
58 2 -5230435.200858786
59 2 9408.476198358
60 2 -398337.812833079
61 2 1767.222661911
62 2 -1458928.049758761
63 2 18207.835199552
64 2 -1643528.381768553
65 2 30836.806598026
66 2 -437112.064110659
67 2 -7842.277136721
68 2 -1348366.519985981
69 2 22679.132936559
70 2 -1252397.541274827
71 2 26957.034508360
72 2 -251542.143129372
73 2 -7838.804389819
74 2 -1565730.966190817
75 2 61329.385185826
76 2 -2652665.814951967
77 2 199636.468893817
78 2 -118804.640161402
79 2 -1878.554897357
80 2 -1403846.075022597
81 2 21560.680272884
82 2 -1339424.729905899
83 2 26065.798997476
84 2 -227283.174970483
85 2 -15119.861555470
86 2 -1362792.130923431
87 2 7238.965030826
88 2 -1304848.405744709
89 2 36170.831064601
90 2 -236550.893215962
91 2 -8817.038154784
92 2 -1320234.161727239
93 2 11004.620705767
94 2 -1543604.451315460
95 2 35392.214030341
96 2 -267957.812943351
97 2 -5335.053736945
98 2 -1436650.077135435
99 2 42493.757389516
100 2 -3520810.649608334
101 2 43613.142977096
102 2 -286558.292623141
103 2 9642.675468083
104 2 -1290299.248877547
105 2 1114.277723063
106 2 -1460195.219872759
107 2 25181.965207507
108 2 -253243.134643508
1 3 10050223.954968773
2 3 -4774875.193983325
3 3 9822448.946172819
4 3 -10263806.621465450
5 3 -10481711.040321829
6 3 -6799.640040546
7 3 -799416.262398113
8 3 864647.794664852
9 3 -902716.483474343
10 3 1692399.156732497
11 3 1429187.271993765
12 3 1834.203998116
13 3 -310256.952099215
14 3 272692.127137371
15 3 -318198.612107029
16 3 435447.046493039
17 3 379039.251513741
18 3 -180.407297736
19 3 -379651.971647644
20 3 274020.356641717
21 3 -297550.449869166
22 3 423586.019168171
23 3 645169.995841628
24 3 3473.226590983
25 3 -263814.490747813
26 3 145066.962001224
27 3 -196562.352004371
28 3 215396.025601723
29 3 325310.628578694
30 3 2750.691755337
31 3 -258685.043897522
32 3 171679.524516157
33 3 -186234.007009484
34 3 441726.656231799
35 3 396566.090141032
36 3 3236.347485089
37 3 -291722.187954212
38 3 239110.744583387
39 3 -188591.528658035
40 3 864628.465936786
41 3 637134.413232584
42 3 8072.659272836
43 3 -255275.205116502
44 3 253469.173664054
45 3 -201330.778961864
46 3 687223.384628529
47 3 409571.446938980
48 3 7154.536881487
49 3 -230027.576337418
50 3 141892.464935291
51 3 -161268.307932234
52 3 263875.074385498
53 3 348863.073668163
54 3 21878.372430289
55 3 -241583.419291744
56 3 209229.737365495
57 3 -164073.407559029
58 3 605768.295772148
59 3 367578.507042792
60 3 12638.959882544
61 3 -229970.192671848
62 3 123253.412016483
63 3 -170001.856077286
64 3 167298.370466753
65 3 321586.160572451
66 3 21718.723403101
67 3 -215830.487468239
68 3 118564.679427117
69 3 -156379.826181209
70 3 151484.578565006
71 3 202406.445660227
72 3 13235.687520311
73 3 -210335.291721672
74 3 160422.101347911
75 3 -177688.681538619
76 3 323756.157727859
77 3 147429.104817854
78 3 1733.961659741
79 3 -201571.054765827
80 3 129698.534487635
81 3 -164762.092507873
82 3 168104.504435709
83 3 185420.696562268
84 3 12475.746759751
85 3 -198862.074160673
86 3 120568.726812295
87 3 -160364.981623807
88 3 156044.474554521
89 3 189845.576986384
90 3 14406.162941017
91 3 -201274.273642595
92 3 122172.722520260
93 3 -153958.370368381
94 3 188976.554713970
95 3 205907.060841560
96 3 17461.605478918
97 3 -176126.853225484
98 3 148521.104393370
99 3 -144681.955248922
100 3 393739.460403521
101 3 227402.257117038
102 3 16107.824533081
103 3 -179093.197618079
104 3 118481.555775611
105 3 -146887.368231858
106 3 185864.743751575
107 3 177644.132586656
108 3 19738.386427793
1 4 728819.032231384
2 4 91623505.421515822
3 4 -10263806.621465452
4 4 215530489.244440645
5 4 826589.483346051
6 4 20663385.108003881
7 4 -265385.047377647
8 4 -11841465.361117736
9 4 1509458.131253076
10 4 -26342106.295929991
11 4 196603.727468847
12 4 -3774746.107707926
13 4 -35534.192503204
14 4 -3733960.341453375
15 4 362498.288910882
16 4 -8946629.694756463
17 4 70447.206604056
18 4 -853784.961693740
19 4 -129509.863335825
20 4 -5300674.610936716
21 4 356845.471243715
22 4 -33453842.497785635
23 4 122072.820653901
24 4 -2298526.068015604
25 4 -39009.272631678
26 4 -1943617.720556150
27 4 153520.256858417
28 4 -10387636.592138370
29 4 21187.692182906
30 4 -1019647.536211288
31 4 -49641.127229341
32 4 -2343604.487464718
33 4 300959.229694456
34 4 -8016930.302336995
35 4 37645.144285542
36 4 -1097824.613718996
37 4 -66680.744874606
38 4 -3802552.886761445
39 4 551710.834498152
40 4 -26260639.259610813
41 4 -225286.696445071
42 4 -2259675.398249194
43 4 -51132.354097408
44 4 -2892035.162019929
45 4 452505.577362082
46 4 -12722393.738246821
47 4 -30912.382926956
48 4 -972934.555899813
49 4 4731.913034476
50 4 -1482959.431942648
51 4 138016.162695891
52 4 -5343802.898769647
53 4 -483638.194115147
54 4 -1669538.572920225
55 4 2602.412334363
56 4 -3501883.234269507
57 4 352248.781164492
58 4 -16590351.308488468
59 4 -130673.632940284
60 4 -792415.903989417
61 4 -4818.000797615
62 4 -1428689.472996644
63 4 60436.719172817
64 4 -2171016.723568384
65 4 27271.824084240
66 4 -732350.535973971
67 4 -8076.227911629
68 4 -1129757.703103844
69 4 65428.422806754
70 4 -1120091.214012448
71 4 11378.322415584
72 4 -182330.979374874
73 4 -47136.427593210
74 4 -1787618.394626345
75 4 177057.424801265
76 4 -6830459.224854672
77 4 914797.496586194
78 4 526990.515915860
79 4 -5439.590115060
80 4 -1183422.009589877
81 4 67914.064524920
82 4 -1205987.142609093
83 4 14430.158621701
84 4 -153551.124556332
85 4 -14472.483673772
86 4 -1143634.201751830
87 4 52012.697554675
88 4 -1163496.552062507
89 4 20426.847136483
90 4 -166816.472892588
91 4 -11288.880025528
92 4 -1211270.769543093
93 4 66766.703019010
94 4 -2098605.635060257
95 4 23333.358289450
96 4 -225340.416906023
97 4 -13479.564653038
98 4 -1818107.273361532
99 4 143828.397085011
100 4 -9516797.912492028
101 4 50076.764775405
102 4 -393132.274178929
103 4 -3144.791191630
104 4 -1159298.631888996
105 4 59208.743598486
106 4 -1721760.098750454
107 4 17519.046010130
108 4 -195182.364852664
1 5 -89174514.277275756
2 5 -722019.392190840
3 5 -10481711.040321831
4 5 826589.483346052
5 5 217208796.121204913
6 5 -23393499.678730194
7 5 11326241.042453637
8 5 186077.294535506
9 5 1312488.925644546
10 5 -6947.143144855
11 5 -26113611.931654945
12 5 3845166.143152904
13 5 3525181.040761380
14 5 -15082.688416281
15 5 329471.976850853
16 5 -63888.758795164
17 5 -8874914.988151368
18 5 784662.612386486
19 5 5113995.323953074
20 5 41493.556140720
21 5 540144.810517738
22 5 -451282.832454090
23 5 -33120631.007564336
24 5 414346.270134230
25 5 1814529.578095420
26 5 14528.210184844
27 5 251205.649411361
28 5 -126554.632218533
29 5 -10264849.097791512
30 5 432879.210489596
31 5 2265636.916055121
32 5 21574.157065844
33 5 302568.953004928
34 5 -55297.883458814
35 5 -7977016.665660419
36 5 1424421.806518412
37 5 3740400.386199644
38 5 19888.084061146
39 5 456978.423447723
40 5 -512793.112656636
41 5 -25713126.747270916
42 5 3359277.054366989
43 5 2876082.552820716
44 5 27931.260356223
45 5 306683.386522575
46 5 -105439.272931924
47 5 -12544226.815878022
48 5 2000738.303776923
49 5 1471283.020678602
50 5 -22062.388321660
51 5 292376.980946958
52 5 -586716.098622912
53 5 -7065493.420965435
54 5 341020.152253859
55 5 3402676.757677878
56 5 611.781703164
57 5 272136.932103090
58 5 -69184.911172199
59 5 -16225120.846823437
60 5 1670351.518366818
61 5 1267363.469395910
62 5 -21632.627510101
63 5 292791.036925256
64 5 -36273.359011005
65 5 -2229872.134738698
66 5 87144.964635921
67 5 1021145.190904551
68 5 -7909.765491243
69 5 180349.141128321
70 5 -3155.240843018
71 5 -1113716.258918004
72 5 110896.596544727
73 5 1805436.661517311
74 5 28658.359985388
75 5 63200.842136953
76 5 886051.716075138
77 5 -9661616.774389796
78 5 447112.782883115
79 5 1063593.768738739
80 5 -21309.907190364
81 5 158225.537168950
82 5 -10930.160189924
83 5 -1197398.900666255
84 5 118821.435726541
85 5 1020463.967022977
86 5 -20707.839357417
87 5 164381.982538464
88 5 -14482.837167625
89 5 -1154418.061799500
90 5 98894.751228896
91 5 1094739.604803313
92 5 -21930.904118407
93 5 181005.951252289
94 5 -24383.845396513
95 5 -2076913.609862908
96 5 206223.698282696
97 5 1711385.360356819
98 5 -24252.905294600
99 5 174222.623510091
100 5 -99491.327690609
101 5 -9251277.604684420
102 5 886628.996465188
103 5 1047133.749740117
104 5 -23900.265679657
105 5 168262.769719865
106 5 -15130.058596212
107 5 -1704951.873616228
108 5 173768.074357941
1 6 11299480.054779226
2 6 12128218.388533276
3 6 -6799.640040546
4 6 20663385.108003881
5 6 -23393499.678730194
6 6 13448442.733344724
7 6 -1904726.441471216
8 6 -1599419.214074964
9 6 -2441.213544430
10 6 -3811530.509206544
11 6 3981951.942373571
12 6 -2202088.059187909
13 6 -487931.060397523
14 6 -411414.829388648
15 6 -2092.586144182
16 6 -876305.085966033
17 6 844904.409777756
18 6 -502051.717422685
19 6 -503214.779398551
20 6 -665107.878119054
21 6 -4820.751372109
22 6 -2288095.748233338
23 6 517284.802406615
24 6 -617947.550073644
25 6 -228712.854444241
26 6 -333665.758478814
27 6 -4601.231878349
28 6 -1057979.468809214
29 6 475118.042136095
30 6 -293905.047297567
31 6 -388630.020480790
32 6 -376036.947959480
33 6 -4875.211395603
34 6 -1123663.447759327
35 6 1483791.242084906
36 6 -555179.342494771
37 6 -656228.929532816
38 6 -530238.023978457
39 6 -8541.691392162
40 6 -2257419.521458563
41 6 3443952.031225235
42 6 -912969.466186694
43 6 -584966.162687661
44 6 -385400.737569178
45 6 -7989.096811157
46 6 -1009640.956372006
47 6 2076116.452645797
48 6 -655348.084925106
49 6 -229229.336290139
50 6 -280548.700010767
51 6 -15173.168593578
52 6 -803813.529038164
53 6 574062.144639572
54 6 -452979.232755870
55 6 -441274.493919863
56 6 -327150.767591576
57 6 -12372.305545139
58 6 -813572.704585456
59 6 1736436.947603584
60 6 -384228.508207514
61 6 -154741.505126419
62 6 -316386.959754419
63 6 -17897.632583755
64 6 -560842.442750691
65 6 228621.648678203
66 6 -377724.960532028
67 6 -146091.061645253
68 6 -229025.794267768
69 6 -12949.305230237
70 6 -186481.482077701
71 6 180482.367552535
72 6 -165524.490044056
73 6 -237049.196941177
74 6 -232227.875909634
75 6 -7412.071889447
76 6 -248625.062605096
77 6 713084.051661387
78 6 -530599.161105908
79 6 -155715.109986175
80 6 -208254.148839754
81 6 -12106.468076974
82 6 -164053.300594306
83 6 197864.291523233
84 6 -180822.308969208
85 6 -142121.594247037
86 6 -210135.967214885
87 6 -13498.061463619
88 6 -171817.546653197
89 6 183068.348878976
90 6 -178473.071508556
91 6 -153184.513566516
92 6 -219170.552023580
93 6 -15521.948427759
94 6 -214432.563270601
95 6 289730.223422617
96 6 -187054.404608065
97 6 -228494.234750441
98 6 -200410.464469759
99 6 -13718.523200631
100 6 -375817.436248819
101 6 969892.028564968
102 6 -250359.235039714
103 6 -143899.720058650
104 6 -191141.616207206
105 6 -16273.098108225
106 6 -170184.099063139
107 6 261702.269145868
108 6 -178357.774147240
1 7 -7617244.418286587
2 7 -158159.826500919
3 7 -799416.262398113
4 7 -265385.047377647
5 7 11326241.042453637
6 7 -1904726.441471216
7 7 87383013.644602373
8 7 2446597.819913689
9 7 15480292.220317213
10 7 3119295.341790337
11 7 -126639702.800099015
12 7 16544253.879516074
13 7 -9931442.304940617
14 7 -1382369.469050037
15 7 -2376788.784595105
16 7 -989005.312723296
17 7 15900833.454671754
18 7 -2816978.475587536
19 7 -1519171.125293521
20 7 -31632.068827348
21 7 -245736.767985458
22 7 -31889.458535707
23 7 1462279.748852503
24 7 -227958.121987543
25 7 -1655180.738405458
26 7 6522.075202874
27 7 -178399.495699618
28 7 -251101.924287563
29 7 11541077.098599747
30 7 -524694.094361782
31 7 -1479333.335662884
32 7 7417.095063820
33 7 -195938.194011142
34 7 -23802.979346418
35 7 4412906.302942291
36 7 -671474.777305222
37 7 -1721937.386908290
38 7 -2256.558642640
39 7 -207431.342684812
40 7 -647438.499735102
41 7 4191510.607380771
42 7 -673391.841941776
43 7 -1309676.839190456
44 7 2310.450643737
45 7 -206953.782927449
46 7 -324989.501514563
47 7 3972324.622846426
48 7 -238153.874798672
49 7 -1404695.427310447
50 7 15703.417168036
51 7 -205748.277514450
52 7 5665.562036704
53 7 4459166.761191902
54 7 -424387.237313607
55 7 -1556628.065145878
56 7 18042.854277768
57 7 -222460.506485831
58 7 30332.055965304
59 7 4350820.160352251
60 7 -339555.519885456
61 7 -1328815.785701462
62 7 27918.017904357
63 7 -197651.629548262
64 7 18996.544779354
65 7 4023724.489550421
66 7 -94045.813063067
67 7 -1292273.119499863
68 7 10543.989480748
69 7 -225455.725713211
70 7 -11479.799013925
71 7 1431259.489828773
72 7 -189565.025589680
73 7 -1178701.625753744
74 7 37785.515970568
75 7 -221856.287050642
76 7 4147.659933750
77 7 1235686.245299242
78 7 -103132.536342451
79 7 -1204971.475021458
80 7 37627.289532274
81 7 -197317.547721458
82 7 9685.691899332
83 7 1306361.774785036
84 7 -127398.818241196
85 7 -1241830.023309989
86 7 34306.855503470
87 7 -219598.461317439
88 7 14341.109753990
89 7 2017173.970548766
90 7 -200060.865891246
91 7 -1093857.304023361
92 7 34074.822001016
93 7 -210310.258341088
94 7 7829.856363784
95 7 1209321.285983676
96 7 -109251.937506699
97 7 -1036053.868075065
98 7 35625.380219919
99 7 -182412.223555166
100 7 8470.631353572
101 7 1165310.177106544
102 7 -105296.271953773
103 7 -1165422.885782030
104 7 33344.666783871
105 7 -181518.604272323
106 7 12494.510119206
107 7 2220851.253825408
108 7 -205212.789510624
1 8 -107445.017047608
2 8 -8550987.038011098
3 8 864647.794664852
4 8 -11841465.361117736
5 8 186077.294535506
6 8 -1599419.214074964
7 8 2446597.819913690
8 8 99074107.720726684
9 8 -6699469.964219252
10 8 125026143.640963271
11 8 -3116526.009229887
12 8 22012725.680562314
13 8 -1474395.450369874
14 8 -12054045.427244555
15 8 1294662.963467325
16 8 -17304089.560029406
17 8 1125615.478929843
18 8 -4697449.770105573
19 8 -47885.625089330
20 8 -1776953.478617937
21 8 124459.372383332
22 8 -1577856.047485255
23 8 47349.319857838
24 8 -295603.796502564
25 8 -3643.896381826
26 8 -1795771.901942105
27 8 94493.170800017
28 8 -4194937.761513090
29 8 293563.521930702
30 8 -505787.839223395
31 8 -2722.558471979
32 8 -1702734.351080738
33 8 86373.295333895
34 8 -4453437.357310724
35 8 42675.083968169
36 8 -445165.879151922
37 8 -13970.838149774
38 8 -1867282.942881820
39 8 169236.238919005
40 8 -5936200.488171888
41 8 662497.917410033
42 8 -445363.087041980
43 8 -5765.540642653
44 8 -1471517.539146192
45 8 69420.678473832
46 8 -2666155.475616307
47 8 332348.652994815
48 8 -448306.809694606
49 8 15059.969166688
50 8 -1620529.529556764
51 8 46140.438716194
52 8 -4617930.347376429
53 8 -25918.600878583
54 8 -318349.604912410
55 8 22211.008278367
56 8 -1739470.817889725
57 8 76931.615522648
58 8 -4340516.039213745
59 8 -53218.235424789
60 8 -450275.691181482
61 8 22544.339160406
62 8 -1565570.216713096
63 8 35355.884495668
64 8 -4241609.287048368
65 8 -21603.590797043
66 8 -254530.672164805
67 8 1627.539378035
68 8 -1502929.217787635
69 8 68681.903051956
70 8 -1497879.764456798
71 8 20924.814807154
72 8 -265554.695213352
73 8 23254.197208442
74 8 -1431792.644113082
75 8 18679.175603428
76 8 -1335785.108488284
77 8 10498.125354332
78 8 -253242.689530995
79 8 15513.155996409
80 8 -1459030.836821361
81 8 34054.598694249
82 8 -1408371.267442050
83 8 12295.613554969
84 8 -221261.232274319
85 8 811.597620011
86 8 -1480949.307099419
87 8 35704.180967720
88 8 -2113202.657338253
89 8 32283.264652344
90 8 -285079.823831217
91 8 8464.280865710
92 8 -1330232.945619939
93 8 18369.018877306
94 8 -1303519.150889111
95 8 18980.084447727
96 8 -249768.366460745
97 8 15033.968332999
98 8 -1235509.504840002
99 8 17383.952557234
100 8 -1242870.679893756
101 8 13434.525278410
102 8 -211957.566150610
103 8 14491.144069164
104 8 -1363214.887461767
105 8 45991.673115047
106 8 -2311626.363310716
107 8 13357.179988400
108 8 -223001.917132211
1 9 -745643.730014762
2 9 736276.171975831
3 9 -902716.483474343
4 9 1509458.131253076
5 9 1312488.925644546
6 9 -2441.213544430
7 9 15480292.220317213
8 9 -6699469.964219252
9 9 13349052.557521032
10 9 -14442238.574524168
11 9 -18995543.725574695
12 9 -2769.332560452
13 9 -2373144.229528113
14 9 1331386.364091167
15 9 -1466757.323717629
16 9 2233306.632416627
17 9 3526589.718794772
18 9 9778.505203254
19 9 -253263.651386167
20 9 139182.083071397
21 9 -212432.683396387
22 9 189129.251441635
23 9 235889.750824172
24 9 -5.611323286
25 9 -207789.302670337
26 9 115862.697365525
27 9 -194841.447945123
28 9 331935.937515144
29 9 700515.204831834
30 9 884.330799220
31 9 -221691.588136629
32 9 129850.404806909
33 9 -174423.530861476
34 9 683675.261225472
35 9 446952.806416344
36 9 -430.325003004
37 9 -236307.285963359
38 9 233245.984449707
39 9 -212290.637195564
40 9 834591.972510126
41 9 335187.215094833
42 9 6232.971184826
43 9 -220148.398986693
44 9 139972.114680126
45 9 -162530.562084582
46 9 316789.001168571
47 9 285965.233136108
48 9 18541.120564302
49 9 -217247.770494931
50 9 126449.926958941
51 9 -152071.676860071
52 9 475583.894132337
53 9 289849.942139216
54 9 9888.921521695
55 9 -219760.856132845
56 9 157964.415030277
57 9 -168334.379930750
58 9 391011.058976604
59 9 330775.151254072
60 9 15790.178606469
61 9 -196115.902276002
62 9 109522.230659882
63 9 -160163.291099386
64 9 129794.569442894
65 9 206065.213641498
66 9 8972.638256826
67 9 -219667.137998102
68 9 139980.148922600
69 9 -175442.751094795
70 9 209982.893312409
71 9 208460.256898484
72 9 10076.826330444
73 9 -218625.955744199
74 9 99484.778509990
75 9 -170428.693885416
76 9 144187.407985376
77 9 196887.283639429
78 9 11065.537201115
79 9 -195730.665914877
80 9 116472.152953931
81 9 -172290.121961414
82 9 165449.836605897
83 9 174201.672624509
84 9 9505.080403853
85 9 -211168.804630900
86 9 120151.550499183
87 9 -164707.562617692
88 9 242199.256765814
89 9 224203.144845124
90 9 12459.671169678
91 9 -195176.381852764
92 9 105877.764793333
93 9 -160830.528086326
94 9 154208.205764393
95 9 184471.826768611
96 9 13806.033639391
97 9 -162894.501938343
98 9 101703.205179791
99 9 -143995.123111130
100 9 151863.726641208
101 9 151982.231799999
102 9 12950.406973582
103 9 -152325.282256098
104 9 134432.335423518
105 9 -149657.640582593
106 9 254483.535238808
107 9 148847.859565655
108 9 15038.028669814
1 10 -212402.842486325
2 10 -12373661.416981421
3 10 1692399.156732497
4 10 -26342106.295929991
5 10 -6947.143144855
6 10 -3811530.509206544
7 10 3119295.341790336
8 10 125026143.640963271
9 10 -14442238.574524168
10 10 375188009.266318560
11 10 -17257701.370469391
12 10 39331638.756592572
13 10 -1108845.032414265
14 10 -17006208.925113995
15 10 2158044.358138211
16 10 -32197796.412764493
17 10 558889.915516481
18 10 -6316257.692223947
19 10 -43090.271187919
20 10 -1550829.256509878
21 10 174645.665475039
22 10 -1475829.091115097
23 10 20529.805972398
24 10 -240083.321427392
25 10 -129468.206982691
26 10 -2835135.102583323
27 10 240932.206915797
28 10 -45872444.513133854
29 10 4549845.460788711
30 10 -7766844.263444723
31 10 -25555.058538979
32 10 -2850946.824810689
33 10 348613.001683491
34 10 -39220893.573746830
35 10 -424150.819398316
36 10 -3303434.893058760
37 10 -65438.331536554
38 10 -3127427.593487625
39 10 462707.889328942
40 10 -54674601.615023367
41 10 11021078.398906488
42 10 -2222454.760029198
43 10 -57622.257822786
44 10 -1651419.024662709
45 10 170315.974179599
46 10 -16648735.471370043
47 10 4100375.678444112
48 10 -2983099.220181580
49 10 21375.333537008
50 10 -2944784.109752372
51 10 249917.682464691
52 10 -23131051.316064879
53 10 -306493.764110830
54 10 -790033.523465532
55 10 34260.191174319
56 10 -2901653.927643231
57 10 237629.676069436
58 10 -17426956.318533480
59 10 -394308.256188271
60 10 -1492659.885589379
61 10 14284.140192981
62 10 -2141128.035273659
63 10 88997.482974440
64 10 -22064968.090099536
65 10 -197305.654842804
66 10 -425490.542741954
67 10 -6835.206392419
68 10 -1361266.549857182
69 10 134489.730223450
70 10 -1504234.299895632
71 10 9154.602561365
72 10 -202405.629030603
73 10 4364.136096834
74 10 -1211514.093078033
75 10 70526.765427842
76 10 -1232014.737893137
77 10 6471.511123185
78 10 -175415.876018276
79 10 2590.957648688
80 10 -1262385.369730357
81 10 85539.775317579
82 10 -1320116.855399131
83 10 9193.879584671
84 10 -145681.216166819
85 10 -10767.635734350
86 10 -1585666.605143057
87 10 117741.653461905
88 10 -3998272.828553109
89 10 36339.985319345
90 10 -292864.219573163
91 10 -2326.866388487
92 10 -1146596.684059182
93 10 68799.261651169
94 10 -1219194.107603574
95 10 12806.629382534
96 10 -177471.514807038
97 10 1124.936081536
98 10 -1079711.718152897
99 10 66227.963793904
100 10 -1180223.166731484
101 10 11092.535360230
102 10 -150789.548122192
103 10 3521.534015327
104 10 -1357991.954249616
105 10 111991.237538046
106 10 -5714749.163581061
107 10 24344.882459304
108 10 -181738.395259255
1 11 11881390.188531592
2 11 296518.621577528
3 11 1429187.271993765
4 11 196603.727468847
5 11 -26113611.931654945
6 11 3981951.942373571
7 11 -126639702.800099015
8 11 -3116526.009229885
9 11 -18995543.725574695
10 11 -17257701.370469417
11 11 525033494.896582067
12 11 -48506184.520170026
13 11 15607079.571876714
14 11 969745.924846095
15 11 3485392.839979466
16 11 296650.452348782
17 11 -31569123.122281190
18 11 4288190.962139385
19 11 1433890.534488579
20 11 29465.402922404
21 11 226135.984533129
22 11 6799.292327050
23 11 -1463521.876916326
24 11 239310.210409326
25 11 4970270.654736491
26 11 101038.875056399
27 11 102828.848706261
28 11 4072610.224403025
29 11 -214664673.231049538
30 11 8366289.044480661
31 11 2778920.046693067
32 11 13473.415993566
33 11 269890.709139824
34 11 -536666.128875558
35 11 -38914197.210301191
36 11 6820749.112279544
37 11 3018974.459533623
38 11 54871.168591494
39 11 296318.137339475
40 11 10856424.734111596
41 11 -22431150.735660937
42 11 1480727.372830876
43 11 1800300.289269608
44 11 52746.630681486
45 11 266877.231337743
46 11 4114671.209047504
47 11 -34871332.545770422
48 11 334579.356124655
49 11 2813170.414306603
50 11 -11226.632952602
51 11 223108.643352411
52 11 -160440.701482479
53 11 -22416558.068276435
54 11 2192449.492098735
55 11 2835460.280801437
56 11 -21680.770610243
57 11 303182.770476508
58 11 -293238.533838531
59 11 -17851472.942982722
60 11 1009022.827100360
61 11 2002415.316073145
62 11 -16356.473924815
63 11 174195.051634805
64 11 -142443.977205865
65 11 -21050138.053706545
66 11 -145975.871982437
67 11 1273662.401020824
68 11 -1443.421551200
69 11 194316.519649929
70 11 2106.694579500
71 11 -1505750.608320430
72 11 236757.549977989
73 11 1094257.801899207
74 11 -17308.781050243
75 11 181395.996780617
76 11 -4738.361032077
77 11 -1221591.715930692
78 11 128040.078755011
79 11 1138917.912374008
80 11 -21913.781640821
81 11 157468.145629654
82 11 -8848.508895357
83 11 -1306985.557524377
84 11 149563.042434534
85 11 1467630.485036339
86 11 -25041.769639476
87 11 196161.201832419
88 11 -41856.417530640
89 11 -3958369.090408501
90 11 436546.912123467
91 11 1027055.630408890
92 11 -21203.827785583
93 11 175098.172110832
94 11 -10385.403696797
95 11 -1207073.584227626
96 11 130967.535580170
97 11 974884.741734550
98 11 -20305.569850798
99 11 148866.146193673
100 11 -8037.087251978
101 11 -1168711.415660106
102 11 128249.867973841
103 11 1249981.510075188
104 11 -22651.989741055
105 11 150609.259311859
106 11 -18297.950585808
107 11 -5576451.095921162
108 11 412645.565453171
1 12 -1890917.016888427
2 12 -1635995.389935093
3 12 1834.203998116
4 12 -3774746.107707926
5 12 3845166.143152904
6 12 -2202088.059187909
7 12 16544253.879516074
8 12 22012725.680562314
9 12 -2769.332560452
10 12 39331638.756592579
11 12 -48506184.520170011
12 12 23049694.960982520
13 12 -2815836.214368900
14 12 -4628778.195493887
15 12 -4787.446651740
16 12 -6300077.562870271
17 12 4350169.533534267
18 12 -3234232.066261223
19 12 -232475.068636384
20 12 -296936.253485300
21 12 -1572.822795761
22 12 -246808.799319685
23 12 249388.575134142
24 12 -237841.213454285
25 12 -332160.122997967
26 12 -279075.157273151
27 12 11128.113263840
28 12 -4578614.880190480
29 12 10810673.760727882
30 12 -2864666.975356517
31 12 -426860.259552034
32 12 -339021.710273359
33 12 -2067.180838350
34 12 -3415287.545541342
35 12 6950118.030063096
36 12 -1737900.665638642
37 12 -641440.200088803
38 12 -359016.798145603
39 12 -4143.462882961
40 12 -3101978.788514353
41 12 3670231.660436186
42 12 -829312.840377296
43 12 -286779.849996079
44 12 -256625.634705274
45 12 -11952.831148612
46 12 -1010924.616428576
47 12 2601445.621730796
48 12 -369650.684286622
49 12 -314068.414547009
50 12 -269326.958055637
51 12 -9894.482265582
52 12 -795942.583089557
53 12 2253050.377959289
54 12 -388400.696328210
55 12 -308854.592017893
56 12 -279625.019180939
57 12 -11334.398088011
58 12 -845388.524980716
59 12 1131957.069814773
60 12 -493490.068294353
61 12 -153576.057128470
62 12 -209585.622955183
63 12 -8906.248849126
64 12 -396425.822815273
65 12 -79860.586769507
66 12 -193848.515623389
67 12 -206605.480153522
68 12 -238307.418363157
69 12 -9708.322238237
70 12 -199787.171414199
71 12 287562.288682817
72 12 -214781.208357632
73 12 -134338.690943566
74 12 -227975.443325656
75 12 -10575.078975169
76 12 -175333.087902122
77 12 184108.056955077
78 12 -184420.116898434
79 12 -155080.753971302
80 12 -199975.640364327
81 12 -9161.957378288
82 12 -149469.554035408
83 12 207664.668515746
84 12 -197166.102547077
85 12 -187827.130056753
86 12 -234360.762749808
87 12 -11345.964151730
88 12 -279658.782528380
89 12 499490.295217386
90 12 -227705.267852034
91 12 -138458.339061099
92 12 -207879.451446513
93 12 -12210.538004900
94 12 -165222.637236867
95 12 193382.651868320
96 12 -190542.342650050
97 12 -132685.027897928
98 12 -168387.683014981
99 12 -11071.839846611
100 12 -133649.539845452
101 12 190153.809805633
102 12 -174332.030548273
103 12 -184889.822079921
104 12 -163081.786340497
105 12 -12262.864563384
106 12 -144643.935065993
107 12 481778.277970501
108 12 -211891.371239191
1 13 -2690503.232806480
2 13 -12804.299185033
3 13 -310256.952099215
4 13 -35534.192503204
5 13 3525181.040761380
6 13 -487931.060397523
7 13 -9931442.304940617
8 13 -1474395.450369874
9 13 -2373144.229528113
10 13 -1108845.032414265
11 13 15607079.571876714
12 13 -2815836.214368900
13 13 88980993.133010104
14 13 2690671.115031477
15 13 15815353.040530618
16 13 2034480.791579740
17 13 -122353867.220623836
18 13 15167493.634953061
19 13 -9002373.945982926
20 13 -244558.319661075
21 13 -704247.245695424
22 13 -208457.761897998
23 13 24787321.966376670
24 13 -1955412.042677669
25 13 -1446599.599331365
26 13 13939.033778466
27 13 -208129.567511539
28 13 -7548.136055480
29 13 1358042.073098292
30 13 -151496.665939432
31 13 -1341631.804289615
32 13 18189.444071176
33 13 -167892.336536964
34 13 2083.832239373
35 13 1446018.937891353
36 13 -193560.509948403
37 13 -1189939.821890344
38 13 13965.268331545
39 13 -184770.109543035
40 13 118824.682103545
41 13 3909507.610815380
42 13 -444250.866340979
43 13 -1302301.369872242
44 13 5342.100193045
45 13 -198432.236455365
46 13 -19782.154685341
47 13 2301275.797755024
48 13 -331419.030606181
49 13 -1448379.888964998
50 13 -35680.483083092
51 13 -244456.816673232
52 13 -56150.961564949
53 13 2539452.639053260
54 13 -387849.242270466
55 13 -1213062.779285015
56 13 18761.978084763
57 13 -195384.459424631
58 13 -9317.206373247
59 13 2067192.812386568
60 13 -130375.129949095
61 13 -1256184.901201561
62 13 23497.991532346
63 13 -195632.914783978
64 13 -6107.857062158
65 13 1835492.362376894
66 13 -140509.380798205
67 13 -1324323.799195816
68 13 11026.153063855
69 13 -269121.516120397
70 13 -12453.009796492
71 13 1828365.772670250
72 13 -159502.536879082
73 13 -1214976.461386606
74 13 21041.087710620
75 13 -216813.576973310
76 13 -4612.971945548
77 13 1514350.463130798
78 13 -143301.919872030
79 13 -1365184.230431954
80 13 -15489.441154205
81 13 -180738.366249652
82 13 -21948.263403276
83 13 1989650.171525553
84 13 -117743.253317198
85 13 -1184079.347781576
86 13 30992.696589920
87 13 -217596.878243554
88 13 11413.378422603
89 13 2100848.007196209
90 13 -177047.857144881
91 13 -1151561.453439248
92 13 26644.360830618
93 13 -186356.045448102
94 13 -92488.260141575
95 13 2048521.015874329
96 13 -161397.375479536
97 13 -1045299.846662472
98 13 32632.137807683
99 13 -183581.850085131
100 13 5468.012612727
101 13 1176203.768348426
102 13 -107704.787369077
103 13 -1005750.769903743
104 13 23897.724692365
105 13 -192118.376438521
106 13 2250.361889260
107 13 1145162.533867523
108 13 -92439.693177788
1 14 28924.704632111
2 14 -3125420.605074034
3 14 272692.127137371
4 14 -3733960.341453375
5 14 -15082.688416281
6 14 -411414.829388648
7 14 -1382369.469050037
8 14 -12054045.427244555
9 14 1331386.364091167
10 14 -17006208.925113995
11 14 969745.924846095
12 14 -4628778.195493887
13 14 2690671.115031477
14 14 101163016.757126242
15 14 -6567669.419717882
16 14 127417952.899457291
17 14 -2021340.676084263
18 14 21428129.578382976
19 14 -255568.522731770
20 14 -9921825.030149000
21 14 946356.238795128
22 14 -25349544.590719603
23 14 236773.272673389
24 14 -1108796.441509754
25 14 17633.599566828
26 14 -1681281.686929548
27 14 77434.494800704
28 14 -1461482.572018541
29 14 4776.016954681
30 14 -214356.487796376
31 14 20414.292572116
32 14 -1568052.658323971
33 14 78420.604004441
34 14 -1530778.430977954
35 14 -4473.462159486
36 14 -137060.202682447
37 14 13152.711376402
38 14 -1397512.523507744
39 14 44647.159469490
40 14 -4115236.455672255
41 14 -131910.482163098
42 14 -265041.616357467
43 14 8746.637529648
44 14 -1485441.124608025
45 14 69097.677817959
46 14 -2348012.959371950
47 14 6517.702343613
48 14 -248256.734680590
49 14 -24491.977282586
50 14 -1657618.475641978
51 14 91205.296532478
52 14 -2600820.086125285
53 14 30852.336518142
54 14 -347560.144935891
55 14 31304.321052277
56 14 -1431158.488114311
57 14 23212.427612572
58 14 -2174370.948341532
59 14 -19003.083527432
60 14 -214245.539137717
61 14 29191.528298524
62 14 -1492670.354703433
63 14 37560.504542298
64 14 -1938925.681519795
65 14 -6085.890905248
66 14 -211405.322943723
67 14 11865.687502066
68 14 -1582717.849600495
69 14 53956.363726801
70 14 -1934544.715434423
71 14 19160.299865392
72 14 -538457.615500683
73 14 17477.469515324
74 14 -1460962.497965321
75 14 34359.026149461
76 14 -1612642.639466538
77 14 7922.786299225
78 14 -254610.601922793
79 14 -26352.168272769
80 14 -1651502.629711488
81 14 8750.532328298
82 14 -2116939.682576268
83 14 33618.970826289
84 14 -188615.247787338
85 14 9228.871872682
86 14 -1428259.657845318
87 14 29086.173848131
88 14 -2215772.714486095
89 14 19786.658314785
90 14 -277956.632743221
91 14 11710.467833917
92 14 -1378712.566859580
93 14 26965.390910329
94 14 -1811020.837075682
95 14 99827.981711896
96 14 -5980.275213766
97 14 21232.917291913
98 14 -1247678.660539872
99 14 19687.973651326
100 14 -1256237.092101071
101 14 6920.283223364
102 14 -211774.478194320
103 14 14384.904720729
104 14 -1219598.461095558
105 14 16303.269826471
106 14 -1233054.000290140
107 14 8965.937176549
108 14 -236609.770081094
1 15 -280986.118204849
2 15 208213.532731759
3 15 -318198.612107029
4 15 362498.288910882
5 15 329471.976850853
6 15 -2092.586144182
7 15 -2376788.784595105
8 15 1294662.963467325
9 15 -1466757.323717629
10 15 2158044.358138211
11 15 3485392.839979466
12 15 -4787.446651740
13 15 15815353.040530618
14 15 -6567669.419717882
15 15 13703892.446295932
16 15 -13453990.973373700
17 15 -18388718.604721501
18 15 -13140.115495475
19 15 -728345.551738600
20 15 971001.524642298
21 15 -958469.833077374
22 15 1674059.912031086
23 15 1018536.232953993
24 15 -2896.006324977
25 15 -220968.003040235
26 15 92374.887306327
27 15 -193039.319225653
28 15 138560.613003388
29 15 187016.092013386
30 15 -522.413940738
31 15 -190563.159995125
32 15 112687.855096962
33 15 -175670.215047558
34 15 190801.862355342
35 15 137067.207972985
36 15 -1952.979389610
37 15 -205250.421228224
38 15 96811.556968887
39 15 -154662.443713764
40 15 486860.560924374
41 15 278212.652282936
42 15 2458.521602961
43 15 -213619.553301735
44 15 132670.170271456
45 15 -160892.651445288
46 15 346584.335481844
47 15 225016.632302639
48 15 5894.870708004
49 15 -250920.649148577
50 15 171325.794154973
51 15 -192432.968764325
52 15 393496.281804669
53 15 284897.564800487
54 15 11677.580333151
55 15 -198733.222647808
56 15 99583.107481787
57 15 -150613.635412713
58 15 176184.769837992
59 15 176911.472760525
60 15 9732.241690969
61 15 -191415.434081893
62 15 105901.677740444
63 15 -161461.870041513
64 15 171781.710367391
65 15 170890.927766292
66 15 8485.134378285
67 15 -245100.389917423
68 15 124729.117013640
69 15 -189035.445880392
70 15 197943.874942126
71 15 381561.813409482
72 15 19838.331795878
73 15 -210032.281765409
74 15 106654.319232560
75 15 -166140.162657187
76 15 176055.977928949
77 15 200890.057079460
78 15 10128.798851170
79 15 -176537.378432764
80 15 94731.499262530
81 15 -196585.276350759
82 15 182253.231841631
83 15 169526.416209875
84 15 7615.758556979
85 15 -206365.807780809
86 15 107885.781154953
87 15 -165045.377978801
88 15 216019.271267371
89 15 216048.369015856
90 15 11890.914041746
91 15 -186142.323486228
92 15 106599.217735943
93 15 -166640.659493736
94 15 207042.717490995
95 15 55859.123705388
96 15 496.550257504
97 15 -160809.097358028
98 15 99154.935454303
99 15 -145564.414651230
100 15 150381.327500178
101 15 149296.233586562
102 15 12634.214833776
103 15 -157641.696351406
104 15 99224.854677395
105 15 -142445.728582094
106 15 141361.574555820
107 15 156419.956069937
108 15 15590.362850177
1 16 6333.019851932
2 16 -4001927.881488436
3 16 435447.046493039
4 16 -8946629.694756463
5 16 -63888.758795164
6 16 -876305.085966033
7 16 -989005.312723296
8 16 -17304089.560029406
9 16 2233306.632416627
10 16 -32197796.412764493
11 16 296650.452348782
12 16 -6300077.562870271
13 16 2034480.791579740
14 16 127417952.899457261
15 16 -13453990.973373698
16 16 439830917.290522337
17 16 2807943.866311636
18 16 31077122.428768128
19 16 -224032.801079514
20 16 -23287585.559529059
21 16 1649639.519104969
22 16 -196391682.247881651
23 16 238824.186673170
24 16 -2019777.822869574
25 16 -613.118644019
26 16 -1434935.255078575
27 16 124815.163749986
28 16 -1344468.470453744
29 16 593.494790556
30 16 -156236.860726428
31 16 11847.377647887
32 16 -1480806.505621265
33 16 154328.114458802
34 16 -1761231.997518917
35 16 -5467.398942575
36 16 -23291.203718340
37 16 7423.124863217
38 16 -1308152.778899022
39 16 100763.110350369
40 16 -66883741.521471739
41 16 -3418283.899711198
42 16 -1786408.345401796
43 16 2486.460719562
44 16 -1878285.340515974
45 16 226306.260621999
46 16 -9253605.307565615
47 16 -88673.017940000
48 16 -376242.660198661
49 16 -18560.656473286
50 16 -2078829.449887764
51 16 262747.041764500
52 16 -8562301.121616479
53 16 -79848.369790304
54 16 -474231.994735120
55 16 23752.247638347
56 16 -1681300.555839818
57 16 88987.176354907
58 16 -6726571.286714965
59 16 -95966.427539166
60 16 -185923.056372894
61 16 14934.350431201
62 16 -1607091.894346796
63 16 99386.248940272
64 16 -4055579.355726693
65 16 -20234.176628231
66 16 -155471.684407476
67 16 519.214745577
68 16 -1690042.032515334
69 16 112516.784048829
70 16 -3052611.253152114
71 16 11323.217612969
72 16 -1105703.110200618
73 16 5004.910629820
74 16 -1395871.987060108
75 16 97036.681325090
76 16 -2220294.441749835
77 16 991.431456825
78 16 -210328.803126615
79 16 -24603.527845130
80 16 -1714828.954351726
81 16 81256.515614393
82 16 -3612855.822192200
83 16 13741.968229616
84 16 -189312.100245285
85 16 -2172.188497163
86 16 -1475321.272176076
87 16 95483.351148246
88 16 -5932903.558093769
89 16 21406.802977036
90 16 -316805.126967433
91 16 -17007.179545190
92 16 -1345103.780953856
93 16 103177.208896527
94 16 -3690624.610561208
95 16 489112.149827508
96 16 1024300.491560769
97 16 5629.499181196
98 16 -1100499.291807349
99 16 69111.162303481
100 16 -1204379.509970474
101 16 6103.018556880
102 16 -151512.646511689
103 16 3464.359623657
104 16 -1074910.958079742
105 16 57631.017744718
106 16 -1154971.577021143
107 16 4829.768297009
108 16 -180583.609207480
1 17 3802355.527520258
2 17 50606.312122565
3 17 379039.251513741
